10 5
0 80 60 80 60 80 60 80 60 80 60 8 4 8 9 6 8 8 7 7 7
80 0 47 94 114 152 140 152 114 94 47 76 84 87 88 77 82 74 85 77 87
60 47 0 47 71 114 114 140 114 114 71 61 63 64 69 54 57 58 61 54 65
80 94 47 0 47 94 114 152 140 152 114 85 81 79 87 74 73 82 77 73 82
60 114 71 47 0 47 71 114 114 140 114 68 58 55 63 56 52 66 53 55 57
80 152 114 94 47 0 47 94 114 152 140 87 77 72 77 80 74 88 73 79 74
60 140 114 114 71 47 0 47 71 114 114 65 56 53 52 64 59 66 55 63 53
80 152 140 152 114 94 47 0 47 94 114 80 77 77 71 86 83 83 80 87 75
60 114 114 140 114 114 71 47 0 47 71 56 59 62 53 66 67 58 64 67 59
80 94 114 152 140 152 114 94 47 0 47 73 82 86 78 84 88 74 87 86 83
60 47 71 114 114 140 114 114 71 47 0 53 63 68 64 61 66 52 67 62 66
8 76 61 85 68 87 65 80 56 73 53 0 11 15 12 12 15 3 15 13 14
4 84 63 81 58 77 56 77 59 82 63 11 0 5 7 9 7 11 5 9 3
8 87 64 79 55 72 53 77 62 86 68 15 5 0 9 11 7 16 3 11 3
9 88 69 87 63 77 52 71 53 78 64 12 7 9 0 15 14 14 11 16 6
6 77 54 74 56 80 64 86 66 84 61 12 9 11 15 0 6 10 8 1 11
8 82 57 73 52 74 59 83 67 88 66 15 7 7 14 6 0 15 4 5 9
8 74 58 82 66 88 66 83 58 74 52 3 11 16 14 10 15 0 15 12 14
7 85 61 77 53 73 55 80 64 87 67 15 5 3 11 8 4 15 0 8 5
7 77 54 73 55 79 63 87 67 86 62 13 9 11 16 1 5 12 8 0 12
7 87 65 82 57 74 53 75 59 83 66 14 3 3 6 11 9 14 5 12 0
