15 5
0 28 16 4 9 20 32 44 56 68 80 92 104 116 128 140 128 116 104 92 80 68 56 44 32 20 9 5 16 28 40
28 0 14 24 37 48 60 72 84 96 108 120 132 144 156 168 156 144 132 120 108 96 84 72 60 48 37 24 13 2 12
16 14 0 12 24 36 49 60 72 84 96 108 120 132 144 156 144 132 120 108 96 84 72 60 48 36 24 13 0 13 24
4 24 12 0 13 24 36 48 60 72 84 96 108 120 132 144 132 120 108 96 84 72 60 48 36 24 13 3 12 24 36
9 37 24 13 0 12 25 37 49 60 73 84 96 108 120 132 120 108 96 84 72 60 48 36 24 13 0 14 24 36 48
20 48 36 24 12 0 13 24 36 48 60 72 84 96 108 120 108 96 84 72 60 48 36 24 12 3 12 24 36 48 60
32 60 49 36 25 13 0 12 24 36 48 60 73 84 96 108 96 84 72 60 48 36 26 14 4 12 25 36 49 60 72
44 72 60 48 37 24 12 0 12 24 36 48 60 72 84 96 84 72 60 48 36 24 14 6 12 24 37 48 60 72 84
56 84 72 60 49 36 24 12 0 12 24 36 49 60 72 84 72 60 48 36 24 13 8 14 24 36 49 60 72 84 96
68 96 84 72 60 48 36 24 12 0 12 24 37 48 60 72 60 48 37 24 12 4 14 25 36 48 60 72 84 96 108
80 108 96 84 73 60 48 36 24 12 0 13 26 36 48 60 48 37 25 12 2 13 26 37 48 60 72 84 96 108 120
92 120 108 96 84 72 60 48 36 24 13 0 13 24 36 48 36 24 12 3 12 24 36 48 60 72 84 96 108 120 132
104 132 120 108 96 84 73 60 49 37 26 13 0 13 24 36 25 12 1 14 25 36 48 60 72 84 96 108 120 132 144
116 144 132 120 108 96 84 72 60 48 36 24 13 0 12 24 12 3 13 24 36 48 60 72 84 96 108 120 132 144 156
128 156 144 132 120 108 96 84 72 60 48 36 24 12 0 12 6 12 24 36 48 60 72 84 96 108 120 132 144 156 168
140 168 156 144 132 120 108 96 84 72 60 48 36 24 12 0 13 24 36 48 60 72 84 96 108 120 132 144 156 168 180
128 156 144 132 120 108 96 84 72 60 48 36 25 12 6 13 0 13 25 36 48 60 72 84 96 108 120 132 144 156 168
116 144 132 120 108 96 84 72 60 48 37 24 12 3 12 24 13 0 12 24 36 48 60 72 84 96 108 120 132 144 156
104 132 120 108 96 84 72 60 48 37 25 12 1 13 24 36 25 12 0 13 25 36 48 60 72 84 96 108 120 132 144
92 120 108 96 84 72 60 48 36 24 12 3 14 24 36 48 36 24 13 0 12 24 37 48 60 72 84 96 108 120 132
80 108 96 84 72 60 48 36 24 12 2 12 25 36 48 60 48 36 25 12 0 12 25 36 48 60 72 84 96 108 120
68 96 84 72 60 48 36 24 13 4 13 24 36 48 60 72 60 48 36 24 12 0 13 24 36 48 60 72 84 96 108
56 84 72 60 48 36 26 14 8 14 26 36 48 60 72 84 72 60 48 37 25 13 0 12 24 37 48 60 72 84 96
44 72 60 48 36 24 14 6 14 25 37 48 60 72 84 96 84 72 60 48 36 24 12 0 13 25 36 48 60 72 84
32 60 48 36 24 12 4 12 24 36 48 60 72 84 96 108 96 84 72 60 48 36 24 13 0 12 24 36 48 60 72
20 48 36 24 13 3 12 24 36 48 60 72 84 96 108 120 108 96 84 72 60 48 37 25 12 0 13 24 36 48 60
9 37 24 13 0 12 25 37 49 60 72 84 96 108 120 132 120 108 96 84 72 60 48 36 24 13 0 14 24 36 48
5 24 13 3 14 24 36 48 60 72 84 96 108 120 132 144 132 120 108 96 84 72 60 48 36 24 14 0 13 24 36
16 13 0 12 24 36 49 60 72 84 96 108 120 132 144 156 144 132 120 108 96 84 72 60 48 36 24 13 0 13 24
28 2 13 24 36 48 60 72 84 96 108 120 132 144 156 168 156 144 132 120 108 96 84 72 60 48 36 24 13 0 12
40 12 24 36 48 60 72 84 96 108 120 132 144 156 168 180 168 156 144 132 120 108 96 84 72 60 48 36 24 12 0
