15 3
0 40 47 45 42 47 43 48 184 177 188 184 181 174 187 208 182 181 197 174 178 197 190 44 48 52 40 49 44 43 46
40 0 14 15 3 19 17 8 224 217 228 224 221 214 227 247 221 221 236 214 217 236 229 14 15 15 11 16 10 3 13
47 14 0 3 11 5 7 12 231 223 235 230 227 221 234 255 229 228 243 221 224 244 236 3 1 24 7 2 4 13 2
45 15 3 0 12 4 4 14 229 221 232 228 225 219 232 252 226 225 241 218 222 241 234 1 3 26 6 4 5 14 3
42 3 11 12 0 15 14 7 225 219 230 225 223 216 229 249 223 223 238 215 219 238 231 10 11 16 8 13 7 3 9
47 19 5 4 15 0 4 17 230 222 234 230 227 220 234 254 228 227 243 220 224 243 236 5 5 29 9 4 9 18 7
43 17 7 4 14 4 0 18 226 218 230 226 223 216 230 250 224 223 239 216 220 239 232 4 7 29 6 7 8 17 7
48 8 12 14 7 17 18 0 232 225 236 232 229 222 235 255 229 229 244 222 225 244 236 13 12 11 13 14 10 5 11
184 224 231 229 225 230 226 232 0 21 7 5 10 11 4 24 2 7 13 11 8 15 17 228 232 233 224 233 228 227 230
177 217 223 221 219 222 218 225 21 0 17 16 10 15 24 37 20 13 29 15 15 34 38 220 224 228 217 225 221 220 223
188 228 235 232 230 234 230 236 7 17 0 5 8 14 9 21 9 7 12 14 11 17 23 232 235 238 228 236 232 231 234
184 224 230 228 225 230 226 232 5 16 5 0 6 10 8 24 5 4 14 10 6 18 22 228 231 233 224 232 228 227 230
181 221 227 225 223 227 223 229 10 10 8 6 0 8 14 29 10 3 20 9 7 24 27 225 228 231 221 229 225 224 227
174 214 221 219 216 220 216 222 11 15 14 10 8 0 15 34 9 7 23 0 3 26 26 218 222 224 214 222 218 217 220
187 227 234 232 229 234 230 235 4 24 9 8 14 15 0 21 6 11 9 15 12 11 14 231 235 236 227 236 232 230 233
208 247 255 252 249 254 250 255 24 37 21 24 29 34 21 0 26 28 12 34 31 14 25 252 255 257 248 256 252 251 254
182 221 229 226 223 228 224 229 2 20 9 5 10 9 6 26 0 7 15 9 6 17 17 226 229 231 222 230 226 225 228
181 221 228 225 223 227 223 229 7 13 7 4 3 7 11 28 7 0 18 7 5 22 24 225 228 231 221 229 225 224 227
197 236 243 241 238 243 239 244 13 29 12 14 20 23 9 12 15 18 0 24 20 6 16 241 244 246 236 245 241 239 242
174 214 221 218 215 220 216 222 11 15 14 10 9 0 15 34 9 7 24 0 4 26 26 218 221 224 214 222 218 217 220
178 217 224 222 219 224 220 225 8 15 11 6 7 3 12 31 6 5 20 4 0 22 23 221 225 227 217 226 222 220 223
197 236 244 241 238 243 239 244 15 34 17 18 24 26 11 14 17 22 6 26 22 0 11 241 244 245 237 245 241 239 243
190 229 236 234 231 236 232 236 17 38 23 22 27 26 14 25 17 24 16 26 23 11 0 234 237 237 230 238 234 232 236
44 14 3 1 10 5 4 13 228 220 232 228 225 218 231 252 226 225 241 218 221 241 234 0 4 25 5 5 4 13 3
48 15 1 3 11 5 7 12 232 224 235 231 228 222 235 255 229 228 244 221 225 244 237 4 0 24 8 2 5 13 2
52 15 24 26 16 29 29 11 233 228 238 233 231 224 236 257 231 231 246 224 227 245 237 25 24 0 24 25 21 13 22
40 11 7 6 8 9 6 13 224 217 228 224 221 214 227 248 222 221 236 214 217 237 230 5 8 24 0 9 5 11 6
49 16 2 4 13 4 7 14 233 225 236 232 229 222 236 256 230 229 245 222 226 245 238 5 2 25 9 0 6 15 4
44 10 4 5 7 9 8 10 228 221 232 228 225 218 232 252 226 225 241 218 222 241 234 4 5 21 5 6 0 9 2
43 3 13 14 3 18 17 5 227 220 231 227 224 217 230 251 225 224 239 217 220 239 232 13 13 13 11 15 9 0 11
46 13 2 3 9 7 7 11 230 223 234 230 227 220 233 254 228 227 242 220 223 243 236 3 2 22 6 4 2 11 0
