40 10
0 36 31 27 22 18 13 9 5 1 5 10 15 19 23 28 32 37 41 46 50 55 59 64 68 73 77 82 86 91 95 100 104 109 113 118 122 127 131 136 140 136 131 127 122 118 113 109 104 100 95 91 86 82 77 73 68 64 59 55 50 46 41 37 32 28 23 19 14 11 5 4 6 9 14 18 22 27 31 36 40
36 0 9 9 14 20 23 28 32 36 41 45 50 54 59 64 68 72 77 81 86 90 95 99 104 108 113 117 122 126 131 135 140 144 149 153 158 162 167 171 176 171 167 162 158 153 149 144 140 135 131 126 122 117 113 108 104 99 95 90 86 81 77 72 68 63 59 54 50 45 41 37 33 28 23 18 16 12 10 7 5
31 9 0 8 12 14 19 23 28 32 36 41 46 50 54 59 63 68 72 77 81 86 90 95 99 104 108 113 117 122 126 131 135 140 144 149 153 158 162 167 171 167 162 158 153 149 144 140 135 131 126 122 117 113 108 104 99 95 90 86 81 77 72 68 63 59 54 50 45 41 36 32 27 23 20 14 9 5 1 5 12
27 9 8 0 5 12 14 19 23 27 32 36 41 45 50 54 59 63 68 72 77 81 86 90 95 99 104 108 113 117 122 126 131 135 140 144 149 153 158 162 167 162 158 153 149 144 140 135 131 126 122 117 113 108 104 99 95 90 86 81 77 72 68 63 59 54 50 45 41 36 32 28 24 18 14 9 8 6 9 10 14
22 14 12 5 0 10 9 15 18 23 28 32 36 41 45 50 55 59 63 68 72 77 81 86 90 95 99 104 108 113 117 122 126 131 135 140 144 149 153 158 162 158 153 149 144 140 135 131 126 122 117 113 108 104 99 95 90 86 81 77 72 68 63 59 54 50 46 41 36 32 28 24 20 14 9 5 8 9 12 15 18
18 20 14 12 10 0 7 9 15 19 23 27 33 37 41 45 50 54 59 63 68 72 77 81 86 91 95 99 104 108 113 117 122 126 131 135 140 144 149 153 158 153 149 144 140 135 131 126 122 117 113 108 104 99 95 90 86 81 77 72 68 63 59 54 50 45 41 36 32 29 23 18 14 10 10 6 5 9 14 18 24
13 23 19 14 9 7 0 6 9 14 18 23 27 32 36 41 45 50 54 59 63 68 72 77 81 86 90 95 99 104 108 113 117 122 126 131 135 140 144 149 153 149 144 140 135 131 126 122 117 113 108 104 99 95 90 86 81 77 72 68 63 59 54 50 45 41 36 32 27 23 18 14 10 5 4 5 10 14 19 23 27
9 28 23 19 15 9 6 0 7 9 14 18 24 27 32 36 41 45 50 54 59 63 68 72 77 81 86 90 95 99 104 108 113 117 122 126 131 135 140 144 149 144 140 135 131 126 122 117 113 108 104 99 95 90 86 81 77 72 68 63 59 54 50 45 41 36 32 27 23 19 14 9 5 2 8 10 14 18 23 27 32
5 32 28 23 18 15 9 7 0 5 10 14 18 23 27 32 37 41 45 50 54 59 63 68 72 77 81 86 90 95 99 104 108 113 117 122 126 131 135 140 144 140 135 131 126 122 117 113 108 104 99 95 90 86 81 77 72 68 63 59 54 50 45 41 36 32 28 23 18 14 10 8 7 5 9 14 19 23 28 32 36
1 36 32 27 23 19 14 9 5 0 5 9 14 18 23 27 32 36 41 45 50 54 59 63 68 72 77 81 86 90 95 99 104 108 113 117 122 126 131 135 140 135 131 126 122 117 113 108 104 99 95 90 86 81 77 72 68 63 59 54 50 45 41 36 32 27 23 18 14 10 5 4 7 9 14 18 23 27 32 36 41
5 41 36 32 28 23 18 14 10 5 0 5 11 14 19 23 27 32 36 41 45 50 54 59 63 68 72 77 81 86 90 95 99 104 108 113 117 122 126 131 135 131 126 122 117 113 108 104 99 95 90 86 81 77 72 68 63 59 54 50 45 41 36 32 27 23 18 14 10 8 0 5 9 14 19 23 27 32 36 41 45
10 45 41 36 32 27 23 18 14 9 5 0 8 10 14 18 23 27 32 36 41 45 50 54 59 63 68 72 77 81 86 90 95 99 104 108 113 117 122 126 131 126 122 117 113 108 104 99 95 90 86 81 77 72 68 63 59 54 50 45 41 36 32 27 23 18 14 9 7 6 5 9 14 18 23 27 32 36 41 45 50
15 50 46 41 36 33 27 24 18 14 11 8 0 5 9 16 20 23 28 32 37 41 45 50 54 59 63 68 72 77 81 86 90 95 99 104 108 113 117 122 126 122 117 113 108 104 99 95 90 86 81 77 72 68 63 59 55 50 45 41 36 32 28 23 19 15 13 7 1 5 11 16 20 23 27 32 37 41 46 50 54
19 54 50 45 41 37 32 27 23 18 14 10 5 0 5 11 15 18 23 27 32 36 41 45 50 54 59 63 68 72 77 81 86 90 95 99 104 108 113 117 122 117 113 108 104 99 95 90 86 81 77 72 68 63 59 54 50 45 41 36 32 27 23 18 14 10 8 3 5 9 14 19 23 27 32 36 41 45 50 54 59
23 59 54 50 45 41 36 32 27 23 19 14 9 5 0 9 12 14 19 23 28 32 36 41 45 50 54 59 63 68 72 77 81 86 90 95 99 104 108 113 117 113 108 104 99 95 90 86 81 77 72 68 63 59 54 50 45 41 36 32 27 23 19 14 11 6 8 7 9 14 19 24 28 32 36 41 46 50 55 59 63
28 64 59 54 50 45 41 36 32 27 23 18 16 11 9 0 5 10 14 18 23 27 32 36 41 46 50 54 59 63 68 72 77 81 86 90 95 99 104 108 113 108 104 99 95 90 86 81 77 72 68 63 59 54 50 45 41 36 32 28 23 19 14 9 5 3 5 9 15 20 23 27 32 36 41 45 50 54 59 63 68
32 68 63 59 55 50 45 41 37 32 27 23 20 15 12 5 0 6 9 14 18 23 28 32 37 42 46 50 55 59 64 68 72 77 81 86 90 95 99 104 108 104 99 95 90 86 81 77 72 68 63 59 55 50 46 41 36 32 28 24 19 15 9 5 2 5 9 14 19 24 27 32 36 41 46 50 54 59 63 68 73
37 72 68 63 59 54 50 45 41 36 32 27 23 18 14 10 6 0 5 9 14 18 23 27 32 36 41 45 50 54 59 63 68 72 77 81 86 90 95 99 104 99 95 90 86 81 77 72 68 63 59 54 50 45 41 36 32 27 23 18 14 9 5 1 5 9 14 18 23 27 32 36 41 45 50 54 59 63 68 72 77
41 77 72 68 63 59 54 50 45 41 36 32 28 23 19 14 9 5 0 5 9 14 19 23 28 32 37 41 46 50 55 59 63 68 72 77 81 86 90 95 99 95 90 86 81 77 72 68 63 59 54 50 46 41 37 32 27 23 19 15 11 6 1 5 9 14 18 23 28 32 36 41 45 50 55 59 63 68 72 77 81
46 81 77 72 68 63 59 54 50 45 41 36 32 27 23 18 14 9 5 0 5 9 14 18 24 28 32 36 41 45 50 54 59 63 68 72 77 81 86 90 95 90 86 81 77 72 68 63 59 54 50 45 41 36 32 27 23 18 15 11 7 4 5 9 14 18 23 27 32 37 41 45 50 54 59 63 68 72 77 81 86
50 86 81 77 72 68 63 59 54 50 45 41 37 32 28 23 18 14 9 5 0 5 10 14 20 24 28 32 37 41 46 50 54 59 63 68 72 77 81 86 90 86 81 77 72 68 63 59 54 50 45 41 37 32 28 23 18 14 11 7 6 6 9 14 18 23 27 32 37 41 45 50 54 59 63 68 72 77 81 86 90
55 90 86 81 77 72 68 63 59 54 50 45 41 36 32 27 23 18 14 9 5 0 5 9 14 19 23 27 32 36 41 45 50 54 59 63 68 72 77 81 86 81 77 72 68 63 59 54 50 45 41 36 32 27 23 18 14 9 6 3 5 9 14 18 23 27 32 36 41 45 50 54 59 63 68 72 77 81 86 90 95
59 95 90 86 81 77 72 68 63 59 54 50 45 41 36 32 28 23 19 14 10 5 0 5 9 14 18 23 27 32 36 41 45 50 54 59 63 68 72 77 81 77 72 68 63 59 54 50 45 41 36 32 27 23 18 15 10 6 2 5 9 14 18 23 27 32 37 41 45 50 54 59 63 68 72 77 81 86 90 95 99
64 99 95 90 86 81 77 72 68 63 59 54 50 45 41 36 32 27 23 18 14 9 5 0 5 10 14 18 23 27 32 36 41 45 50 54 59 63 68 72 77 72 68 63 59 54 50 45 41 37 32 27 23 18 14 10 6 3 5 9 14 18 23 27 32 36 41 45 50 54 59 63 68 72 77 81 86 90 95 99 104
68 104 99 95 90 86 81 77 72 68 63 59 54 50 45 41 37 32 28 24 20 14 9 5 0 5 9 15 18 23 27 32 36 41 46 50 54 59 63 68 72 68 63 59 54 50 45 41 37 33 27 23 18 14 9 9 8 7 9 14 18 23 28 32 37 41 46 50 54 59 63 68 73 77 81 86 90 95 99 104 108
73 108 104 99 95 91 86 81 77 72 68 63 59 54 50 46 42 36 32 28 24 19 14 10 5 0 5 11 14 18 23 28 32 36 41 45 50 54 59 63 68 63 59 54 50 45 41 36 32 29 23 19 14 11 5 9 9 11 14 18 23 27 32 37 41 45 50 54 59 63 68 73 77 81 86 90 95 99 104 108 113
77 113 108 104 99 95 90 86 81 77 72 68 63 59 54 50 46 41 37 32 28 23 18 14 9 5 0 7 9 14 18 23 27 32 36 41 45 50 54 59 63 59 54 50 45 41 36 32 27 24 18 14 9 6 1 8 11 14 18 23 27 32 36 41 45 50 55 59 63 68 72 77 81 86 90 95 99 104 108 113 117
82 117 113 108 104 99 95 90 86 81 77 72 68 63 59 54 50 45 41 36 32 27 23 18 15 11 7 0 8 9 15 18 23 28 32 36 41 45 50 54 59 54 50 45 41 36 32 28 23 18 14 9 8 2 8 9 14 18 23 27 32 36 41 45 50 54 59 63 68 72 77 81 86 90 95 99 104 108 113 117 122
86 122 117 113 108 104 99 95 90 86 81 77 72 68 63 59 55 50 46 41 37 32 27 23 18 14 9 8 0 6 9 15 18 23 28 32 36 41 45 50 54 50 45 41 36 32 27 23 19 16 9 7 0 7 9 16 19 23 27 32 36 41 45 50 54 59 64 68 72 77 81 86 90 95 99 104 108 113 117 122 126
91 126 122 117 113 108 104 99 95 90 86 81 77 72 68 63 59 54 50 45 41 36 32 27 23 18 14 9 6 0 6 9 14 18 23 27 32 36 41 45 50 45 41 36 32 27 23 18 14 10 5 2 6 9 14 19 23 27 32 36 41 45 50 54 59 63 68 72 77 81 86 90 95 99 104 108 113 117 122 126 131
95 131 126 122 117 113 108 104 99 95 90 86 81 77 72 68 64 59 55 50 46 41 36 32 27 23 18 15 9 6 0 8 10 14 19 23 27 32 36 41 45 41 36 32 27 23 18 14 11 10 2 8 9 14 18 24 28 32 36 41 45 50 54 59 63 68 73 77 81 86 90 95 99 104 108 113 117 122 126 131 135
100 135 131 126 122 117 113 108 104 99 95 90 86 81 77 72 68 63 59 54 50 45 41 36 32 28 23 18 15 9 8 0 5 11 14 19 23 27 32 36 41 36 32 27 23 19 15 11 5 3 6 9 15 18 23 27 32 36 41 45 50 54 59 63 68 72 77 81 86 90 95 99 104 108 113 117 122 126 131 135 140
104 140 135 131 126 122 117 113 108 104 99 95 90 86 81 77 72 68 63 59 54 50 45 41 36 32 27 23 18 14 10 5 0 6 10 14 18 23 27 32 36 32 27 23 18 14 9 6 3 7 9 14 18 23 27 32 36 41 45 50 54 59 63 68 72 77 81 86 90 95 99 104 108 113 117 122 126 131 135 140 144
109 144 140 135 131 126 122 117 113 108 104 99 95 90 86 81 77 72 68 63 59 54 50 45 41 36 32 28 23 18 14 11 6 0 9 9 14 19 23 27 32 28 23 18 14 9 5 0 8 13 14 19 23 27 32 37 41 45 50 54 59 63 68 72 77 81 86 90 95 99 104 108 113 117 122 126 131 135 140 144 149
113 149 144 140 135 131 126 122 117 113 108 104 99 95 90 86 81 77 72 68 63 59 54 50 46 41 36 32 28 23 19 14 10 9 0 7 10 14 18 23 27 23 20 14 10 7 6 9 9 14 19 23 28 32 37 41 45 50 54 59 63 68 72 77 81 86 90 95 99 104 108 113 117 122 126 131 135 140 144 149 153
118 153 149 144 140 135 131 126 122 117 113 108 104 99 95 90 86 81 77 72 68 63 59 54 50 45 41 36 32 27 23 19 14 9 7 0 5 10 14 18 23 18 14 9 5 0 5 9 14 20 23 27 32 36 41 46 50 54 59 63 68 72 77 81 86 90 95 99 104 108 113 117 122 126 131 135 140 144 149 153 158
122 158 153 149 144 140 135 131 126 122 117 113 108 104 99 95 90 86 81 77 72 68 63 59 54 50 45 41 36 32 27 23 18 14 10 5 0 5 9 14 18 14 10 5 0 5 9 14 18 23 27 32 36 41 45 50 54 59 63 68 72 77 81 86 90 95 99 104 108 113 117 122 126 131 135 140 144 149 153 158 162
127 162 158 153 149 144 140 135 131 126 122 117 113 108 104 99 95 90 86 81 77 72 68 63 59 54 50 45 41 36 32 27 23 19 14 10 5 0 5 9 14 9 7 2 5 9 14 19 23 27 32 36 41 45 50 54 59 63 68 72 77 81 86 90 95 99 104 108 113 117 122 126 131 135 140 144 149 153 158 162 167
131 167 162 158 153 149 144 140 135 131 126 122 117 113 108 104 99 95 90 86 81 77 72 68 63 59 54 50 45 41 36 32 27 23 18 14 9 5 0 5 9 5 4 5 9 14 18 23 27 32 36 41 45 50 54 59 63 68 72 77 81 86 90 95 99 104 108 113 117 122 126 131 135 140 144 149 153 158 162 167 171
136 171 167 162 158 153 149 144 140 135 131 126 122 117 113 108 104 99 95 90 86 81 77 72 68 63 59 54 50 45 41 36 32 27 23 18 14 9 5 0 5 2 6 9 14 18 23 27 32 36 41 45 50 54 59 63 68 72 77 81 86 90 95 99 104 108 113 117 122 126 131 135 140 144 149 153 158 162 167 171 176
140 176 171 167 162 158 153 149 144 140 135 131 126 122 117 113 108 104 99 95 90 86 81 77 72 68 63 59 54 50 45 41 36 32 27 23 18 14 9 5 0 5 11 14 18 23 27 32 36 41 45 50 54 59 63 68 72 77 81 86 90 95 99 104 108 113 117 122 126 131 135 140 144 149 153 158 162 167 171 176 180
136 171 167 162 158 153 149 144 140 135 131 126 122 117 113 108 104 99 95 90 86 81 77 72 68 63 59 54 50 45 41 36 32 28 23 18 14 9 5 2 5 0 7 9 14 18 23 28 32 36 41 45 50 54 59 63 68 72 77 81 86 90 95 99 104 108 113 117 122 126 131 135 140 144 149 153 158 162 167 171 176
131 167 162 158 153 149 144 140 135 131 126 122 117 113 108 104 99 95 90 86 81 77 72 68 63 59 54 50 45 41 36 32 27 23 20 14 10 7 4 6 11 7 0 6 10 14 18 23 28 33 36 41 45 50 54 59 63 68 72 77 81 86 90 95 99 104 108 113 117 122 126 131 135 140 144 149 153 158 162 167 171
127 162 158 153 149 144 140 135 131 126 122 117 113 108 104 99 95 90 86 81 77 72 68 63 59 54 50 45 41 36 32 27 23 18 14 9 5 2 5 9 14 9 6 0 5 9 14 18 23 28 32 36 41 45 50 54 59 63 68 72 77 81 86 90 95 99 104 108 113 117 122 126 131 135 140 144 149 153 158 162 167
122 158 153 149 144 140 135 131 126 122 117 113 108 104 99 95 90 86 81 77 72 68 63 59 54 50 45 41 36 32 27 23 18 14 10 5 0 5 9 14 18 14 10 5 0 5 9 14 18 23 27 32 36 41 45 50 54 59 63 68 72 77 81 86 90 95 99 104 108 113 117 122 126 131 135 140 144 149 153 158 162
118 153 149 144 140 135 131 126 122 117 113 108 104 99 95 90 86 81 77 72 68 63 59 54 50 45 41 36 32 27 23 19 14 9 7 0 5 9 14 18 23 18 14 9 5 0 5 9 14 19 23 27 32 36 41 45 50 54 59 63 68 72 77 81 86 90 95 99 104 108 113 117 122 126 131 135 140 144 149 153 158
113 149 144 140 135 131 126 122 117 113 108 104 99 95 90 86 81 77 72 68 63 59 54 50 45 41 36 32 27 23 18 15 9 5 6 5 9 14 18 23 27 23 18 14 9 5 0 5 11 16 18 23 27 32 36 41 46 50 54 59 63 68 72 77 81 86 90 95 99 104 108 113 117 122 126 131 135 140 144 149 153
109 144 140 135 131 126 122 117 113 108 104 99 95 90 86 81 77 72 68 63 59 54 50 45 41 36 32 28 23 18 14 11 6 0 9 9 14 19 23 27 32 28 23 18 14 9 5 0 8 13 14 19 23 28 32 37 41 45 50 54 59 63 68 72 77 81 86 90 95 99 104 108 113 117 122 126 131 135 140 144 149
104 140 135 131 126 122 117 113 108 104 99 95 90 86 81 77 72 68 63 59 54 50 45 41 37 32 27 23 19 14 11 5 3 8 9 14 18 23 27 32 36 32 28 23 18 14 11 8 0 5 10 14 19 23 28 32 36 41 45 50 54 59 63 68 72 77 81 86 90 95 99 104 108 113 117 122 126 131 135 140 144
100 135 131 126 122 117 113 108 104 99 95 90 86 81 77 72 68 63 59 54 50 45 41 37 33 29 24 18 16 10 10 3 7 13 14 20 23 27 32 36 41 36 33 28 23 19 16 13 5 0 8 9 16 18 24 27 32 36 41 46 50 54 59 63 68 72 77 81 86 90 95 99 104 108 113 117 122 126 131 135 140
95 131 126 122 117 113 108 104 99 95 90 86 81 77 72 68 63 59 54 50 45 41 36 32 27 23 18 14 9 5 2 6 9 14 19 23 27 32 36 41 45 41 36 32 27 23 18 14 10 8 0 6 9 14 18 23 28 32 36 41 45 50 54 59 63 68 72 77 81 86 90 95 99 104 108 113 117 122 126 131 135
91 126 122 117 113 108 104 99 95 90 86 81 77 72 68 63 59 54 50 45 41 36 32 27 23 19 14 9 7 2 8 9 14 19 23 27 32 36 41 45 50 45 41 36 32 27 23 19 14 9 6 0 7 9 15 18 23 27 32 36 41 45 50 54 59 63 68 72 77 81 86 90 95 99 104 108 113 117 122 126 131
86 122 117 113 108 104 99 95 90 86 81 77 72 68 63 59 55 50 46 41 37 32 27 23 18 14 9 8 0 6 9 15 18 23 28 32 36 41 45 50 54 50 45 41 36 32 27 23 19 16 9 7 0 7 9 16 19 23 27 32 36 41 45 50 54 59 64 68 72 77 81 86 90 95 99 104 108 113 117 122 126
82 117 113 108 104 99 95 90 86 81 77 72 68 63 59 54 50 45 41 36 32 27 23 18 14 11 6 2 7 9 14 18 23 27 32 36 41 45 50 54 59 54 50 45 41 36 32 28 23 18 14 9 7 0 7 10 14 18 23 27 32 36 41 45 50 54 59 63 68 72 77 81 86 90 95 99 104 108 113 117 122
77 113 108 104 99 95 90 86 81 77 72 68 63 59 54 50 46 41 37 32 28 23 18 14 9 5 1 8 9 14 18 23 27 32 37 41 45 50 54 59 63 59 54 50 45 41 36 32 28 24 18 15 9 7 0 9 12 15 18 23 27 32 37 41 46 50 55 59 63 68 72 77 81 86 90 95 99 104 108 113 117
73 108 104 99 95 90 86 81 77 72 68 63 59 54 50 45 41 36 32 27 23 18 15 10 9 9 8 9 16 19 24 27 32 37 41 46 50 54 59 63 68 63 59 54 50 45 41 37 32 27 23 18 16 10 9 0 5 9 15 19 23 28 32 36 41 45 50 54 59 64 68 72 77 81 86 90 95 99 104 108 113
68 104 99 95 90 86 81 77 72 68 63 59 55 50 45 41 36 32 27 23 18 14 10 6 8 9 11 14 19 23 28 32 36 41 45 50 54 59 63 68 72 68 63 59 54 50 46 41 36 32 28 23 19 14 12 5 0 5 11 15 19 23 27 32 36 41 45 50 54 59 63 68 72 77 81 86 90 95 99 104 108
64 99 95 90 86 81 77 72 68 63 59 54 50 45 41 36 32 27 23 18 14 9 6 3 7 11 14 18 23 27 32 36 41 45 50 54 59 63 68 72 77 72 68 63 59 54 50 45 41 36 32 27 23 18 15 9 5 0 7 10 14 18 23 27 32 36 41 45 50 54 59 63 68 72 77 81 86 90 95 99 104
59 95 90 86 81 77 72 68 63 59 54 50 45 41 36 32 28 23 19 15 11 6 2 5 9 14 18 23 27 32 36 41 45 50 54 59 63 68 72 77 81 77 72 68 63 59 54 50 45 41 36 32 27 23 18 15 11 7 0 5 9 14 19 23 28 32 37 41 45 50 54 59 63 68 72 77 81 86 90 95 99
55 90 86 81 77 72 68 63 59 54 50 45 41 36 32 28 24 18 15 11 7 3 5 9 14 18 23 27 32 36 41 45 50 54 59 63 68 72 77 81 86 81 77 72 68 63 59 54 50 46 41 36 32 27 23 19 15 10 5 0 5 9 14 19 23 27 32 36 41 45 50 54 59 63 68 72 77 81 86 90 95
50 86 81 77 72 68 63 59 54 50 45 41 36 32 27 23 19 14 11 7 6 5 9 14 18 23 27 32 36 41 45 50 54 59 63 68 72 77 81 86 90 86 81 77 72 68 63 59 54 50 45 41 36 32 27 23 19 14 9 5 0 5 10 14 19 23 28 32 36 41 45 50 54 59 63 68 72 77 81 86 90
46 81 77 72 68 63 59 54 50 45 41 36 32 27 23 19 15 9 6 4 6 9 14 18 23 27 32 36 41 45 50 54 59 63 68 72 77 81 86 90 95 90 86 81 77 72 68 63 59 54 50 45 41 36 32 28 23 18 14 9 5 0 6 10 14 18 23 27 32 36 41 45 50 54 59 63 68 72 77 81 86
41 77 72 68 63 59 54 50 45 41 36 32 28 23 19 14 9 5 1 5 9 14 18 23 28 32 36 41 45 50 54 59 63 68 72 77 81 86 90 95 99 95 90 86 81 77 72 68 63 59 54 50 45 41 37 32 27 23 19 14 10 6 0 5 9 14 18 23 27 32 36 41 45 50 54 59 63 68 72 77 81
37 72 68 63 59 54 50 45 41 36 32 27 23 18 14 9 5 1 5 9 14 18 23 27 32 37 41 45 50 54 59 63 68 72 77 81 86 90 95 99 104 99 95 90 86 81 77 72 68 63 59 54 50 45 41 36 32 27 23 19 14 10 5 0 5 9 14 18 23 28 32 36 41 45 50 54 59 63 68 72 77
32 68 63 59 54 50 45 41 36 32 27 23 19 14 11 5 2 5 9 14 18 23 27 32 37 41 45 50 54 59 63 68 72 77 81 86 90 95 99 104 108 104 99 95 90 86 81 77 72 68 63 59 54 50 46 41 36 32 28 23 19 14 9 5 0 5 9 14 19 24 27 32 36 41 46 50 54 59 63 68 72
28 63 59 54 50 45 41 36 32 27 23 18 15 10 6 3 5 9 14 18 23 27 32 36 41 45 50 54 59 63 68 72 77 81 86 90 95 99 104 108 113 108 104 99 95 90 86 81 77 72 68 63 59 54 50 45 41 36 32 27 23 18 14 9 5 0 5 9 14 19 23 27 32 36 41 45 50 54 59 63 68
23 59 54 50 46 41 36 32 28 23 18 14 13 8 8 5 9 14 18 23 27 32 37 41 46 50 55 59 64 68 73 77 81 86 90 95 99 104 108 113 117 113 108 104 99 95 90 86 81 77 72 68 64 59 55 50 45 41 37 32 28 23 18 14 9 5 0 5 12 16 18 23 27 32 37 41 45 50 54 59 64
19 54 50 45 41 36 32 27 23 18 14 9 7 3 7 9 14 18 23 27 32 36 41 45 50 54 59 63 68 72 77 81 86 90 95 99 104 108 113 117 122 117 113 108 104 99 95 90 86 81 77 72 68 63 59 54 50 45 41 36 32 27 23 18 14 9 5 0 6 11 14 18 23 27 32 36 41 45 50 54 59
14 50 45 41 36 32 27 23 18 14 10 7 1 5 9 15 19 23 28 32 37 41 45 50 54 59 63 68 72 77 81 86 90 95 99 104 108 113 117 122 126 122 117 113 108 104 99 95 90 86 81 77 72 68 63 59 54 50 45 41 36 32 27 23 19 14 12 6 0 5 10 15 19 23 27 32 37 41 46 50 54
11 45 41 36 32 29 23 19 14 10 8 6 5 9 14 20 24 27 32 37 41 45 50 54 59 63 68 72 77 81 86 90 95 99 104 108 113 117 122 126 131 126 122 117 113 108 104 99 95 90 86 81 77 72 68 64 59 54 50 45 41 36 32 28 24 19 16 11 5 0 8 12 16 19 23 27 33 37 41 45 50
5 41 36 32 28 23 18 14 10 5 0 5 11 14 19 23 27 32 36 41 45 50 54 59 63 68 72 77 81 86 90 95 99 104 108 113 117 122 126 131 135 131 126 122 117 113 108 104 99 95 90 86 81 77 72 68 63 59 54 50 45 41 36 32 27 23 18 14 10 8 0 5 9 14 19 23 27 32 36 41 46
4 37 32 28 24 18 14 9 8 4 5 9 16 19 24 27 32 36 41 45 50 54 59 63 68 73 77 81 86 90 95 99 104 108 113 117 122 126 131 135 140 135 131 126 122 117 113 108 104 99 95 90 86 81 77 72 68 63 59 54 50 45 41 36 32 27 23 18 15 12 5 0 5 9 16 19 23 27 32 36 41
6 33 27 24 20 14 10 5 7 7 9 14 20 23 28 32 36 41 45 50 54 59 63 68 73 77 81 86 90 95 99 104 108 113 117 122 126 131 135 140 144 140 135 131 126 122 117 113 108 104 99 95 90 86 81 77 72 68 63 59 54 50 45 41 36 32 27 23 19 16 9 5 0 6 13 15 18 23 27 32 37
9 28 23 18 14 10 5 2 5 9 14 18 23 27 32 36 41 45 50 54 59 63 68 72 77 81 86 90 95 99 104 108 113 117 122 126 131 135 140 144 149 144 140 135 131 126 122 117 113 108 104 99 95 90 86 81 77 72 68 63 59 54 50 45 41 36 32 27 23 19 14 9 6 0 7 9 14 18 23 27 32
14 23 20 14 9 10 4 8 9 14 19 23 27 32 36 41 46 50 55 59 63 68 72 77 81 86 90 95 99 104 108 113 117 122 126 131 135 140 144 149 153 149 144 140 135 131 126 122 117 113 108 104 99 95 90 86 81 77 72 68 63 59 54 50 46 41 37 32 27 23 19 16 13 7 0 6 12 16 20 23 27
18 18 14 9 5 6 5 10 14 18 23 27 32 36 41 45 50 54 59 63 68 72 77 81 86 90 95 99 104 108 113 117 122 126 131 135 140 144 149 153 158 153 149 144 140 135 131 126 122 117 113 108 104 99 95 90 86 81 77 72 68 63 59 54 50 45 41 36 32 27 23 19 15 9 6 0 7 10 15 18 23
22 16 9 8 8 5 10 14 19 23 27 32 37 41 46 50 54 59 63 68 72 77 81 86 90 95 99 104 108 113 117 122 126 131 135 140 144 149 153 158 162 158 153 149 144 140 135 131 126 122 117 113 108 104 99 95 90 86 81 77 72 68 63 59 54 50 45 41 37 33 27 23 18 14 12 7 0 5 9 14 20
27 12 5 6 9 9 14 18 23 27 32 36 41 45 50 54 59 63 68 72 77 81 86 90 95 99 104 108 113 117 122 126 131 135 140 144 149 153 158 162 167 162 158 153 149 144 140 135 131 126 122 117 113 108 104 99 95 90 86 81 77 72 68 63 59 54 50 45 41 37 32 27 23 18 16 10 5 0 5 9 16
31 10 1 9 12 14 19 23 28 32 36 41 46 50 55 59 63 68 72 77 81 86 90 95 99 104 108 113 117 122 126 131 135 140 144 149 153 158 162 167 171 167 162 158 153 149 144 140 135 131 126 122 117 113 108 104 99 95 90 86 81 77 72 68 63 59 54 50 46 41 36 32 27 23 20 15 9 5 0 5 13
36 7 5 10 15 18 23 27 32 36 41 45 50 54 59 63 68 72 77 81 86 90 95 99 104 108 113 117 122 126 131 135 140 144 149 153 158 162 167 171 176 171 167 162 158 153 149 144 140 135 131 126 122 117 113 108 104 99 95 90 86 81 77 72 68 63 59 54 50 45 41 36 32 27 23 18 14 9 5 0 8
40 5 12 14 18 24 27 32 36 41 45 50 54 59 63 68 73 77 81 86 90 95 99 104 108 113 117 122 126 131 135 140 144 149 153 158 162 167 171 176 180 176 171 167 162 158 153 149 144 140 135 131 126 122 117 113 108 104 99 95 90 86 81 77 72 68 64 59 54 50 46 41 37 32 27 23 20 16 13 8 0
