10 4
0 46 31 28 38 47 57 69 87 99 117 182 174 160 153 150 135 137 130 131 133
46 0 18 33 46 67 82 95 111 126 145 228 220 205 198 194 179 179 170 168 167
31 18 0 16 30 50 65 78 94 109 128 212 205 190 184 181 166 168 160 159 161
28 33 16 0 15 34 49 62 78 93 112 201 195 182 176 174 160 163 157 158 161
38 46 30 15 0 21 37 50 65 80 99 198 193 181 177 176 164 168 164 166 169
47 67 50 34 21 0 16 28 44 59 78 183 180 169 166 167 156 163 161 165 170
57 82 65 49 37 16 0 13 30 44 63 172 169 160 158 160 151 159 158 164 170
69 95 78 62 50 28 13 0 18 31 50 166 164 157 156 159 152 161 162 169 176
87 111 94 78 65 44 30 18 0 16 35 169 169 163 163 168 162 173 175 183 191
99 126 109 93 80 59 44 31 16 0 19 159 160 156 158 163 160 171 176 185 193
117 145 128 112 99 78 63 50 35 19 0 153 156 154 158 165 164 177 183 193 202
182 228 212 201 198 183 172 166 169 159 153 0 15 35 49 62 80 96 114 129 143
174 220 205 195 193 180 169 164 169 160 156 15 0 20 34 47 65 81 99 115 128
160 205 190 182 181 169 160 157 163 156 154 35 20 0 14 27 45 61 79 95 108
153 198 184 176 177 166 158 156 163 158 158 49 34 14 0 14 32 47 65 81 94
150 194 181 174 176 167 160 159 168 163 165 62 47 27 14 0 20 34 52 68 81
135 179 166 160 164 156 151 152 162 160 164 80 65 45 32 20 0 17 34 50 63
137 179 168 163 168 163 159 161 173 171 177 96 81 61 47 34 17 0 18 34 47
130 170 160 157 164 161 158 162 175 176 183 114 99 79 65 52 34 18 0 16 29
131 168 159 158 166 165 164 169 183 185 193 129 115 95 81 68 50 34 16 0 14
133 167 161 161 169 170 170 176 191 193 202 143 128 108 94 81 63 47 29 14 0
