12 6
0 40 40 40 40 40 40 40 40 40 40 40 40 40 40 40 40 40 40 40 40 40 40 40 40
40 0 21 40 57 69 77 80 77 69 57 40 21 80 77 69 57 40 21 0 21 40 57 69 77
40 21 0 21 40 57 69 77 80 77 69 57 40 77 80 77 69 57 40 21 0 21 40 57 69
40 40 21 0 21 40 57 69 77 80 77 69 57 69 77 80 77 69 57 40 21 0 21 40 57
40 57 40 21 0 21 40 57 69 77 80 77 69 57 69 77 80 77 69 57 40 21 0 21 40
40 69 57 40 21 0 21 40 57 69 77 80 77 40 57 69 77 80 77 69 57 40 21 0 21
40 77 69 57 40 21 0 21 40 57 69 77 80 21 40 57 69 77 80 77 69 57 40 21 0
40 80 77 69 57 40 21 0 21 40 57 69 77 0 21 40 57 69 77 80 77 69 57 40 21
40 77 80 77 69 57 40 21 0 21 40 57 69 21 0 21 40 57 69 77 80 77 69 57 40
40 69 77 80 77 69 57 40 21 0 21 40 57 40 21 0 21 40 57 69 77 80 77 69 57
40 57 69 77 80 77 69 57 40 21 0 21 40 57 40 21 0 21 40 57 69 77 80 77 69
40 40 57 69 77 80 77 69 57 40 21 0 21 69 57 40 21 0 21 40 57 69 77 80 77
40 21 40 57 69 77 80 77 69 57 40 21 0 77 69 57 40 21 0 21 40 57 69 77 80
40 80 77 69 57 40 21 0 21 40 57 69 77 0 21 40 57 69 77 80 77 69 57 40 21
40 77 80 77 69 57 40 21 0 21 40 57 69 21 0 21 40 57 69 77 80 77 69 57 40
40 69 77 80 77 69 57 40 21 0 21 40 57 40 21 0 21 40 57 69 77 80 77 69 57
40 57 69 77 80 77 69 57 40 21 0 21 40 57 40 21 0 21 40 57 69 77 80 77 69
40 40 57 69 77 80 77 69 57 40 21 0 21 69 57 40 21 0 21 40 57 69 77 80 77
40 21 40 57 69 77 80 77 69 57 40 21 0 77 69 57 40 21 0 21 40 57 69 77 80
40 0 21 40 57 69 77 80 77 69 57 40 21 80 77 69 57 40 21 0 21 40 57 69 77
40 21 0 21 40 57 69 77 80 77 69 57 40 77 80 77 69 57 40 21 0 21 40 57 69
40 40 21 0 21 40 57 69 77 80 77 69 57 69 77 80 77 69 57 40 21 0 21 40 57
40 57 40 21 0 21 40 57 69 77 80 77 69 57 69 77 80 77 69 57 40 21 0 21 40
40 69 57 40 21 0 21 40 57 69 77 80 77 40 57 69 77 80 77 69 57 40 21 0 21
40 77 69 57 40 21 0 21 40 57 69 77 80 21 40 57 69 77 80 77 69 57 40 21 0
