10 5
0 30 30 30 30 30 30 30 30 30 30 33 33 31 30 28 27 28 29 31 32
30 0 19 35 49 57 60 57 49 35 19 20 36 48 56 58 55 46 32 16 3
30 19 0 19 35 49 57 60 57 49 35 3 18 34 47 55 57 54 46 33 17
30 35 19 0 19 35 49 57 60 57 49 19 3 17 33 46 54 57 55 47 35
30 49 35 19 0 19 35 49 57 60 57 37 21 3 16 32 46 55 59 57 49
30 57 49 35 19 0 19 35 49 57 60 51 38 21 3 16 33 47 57 61 58
30 60 57 49 35 19 0 19 35 49 57 60 51 38 21 3 17 35 49 58 62
30 57 60 57 49 35 19 0 19 35 49 63 60 51 37 20 3 19 37 51 60
30 49 57 60 57 49 35 19 0 19 35 60 63 59 50 36 18 3 21 38 51
30 35 49 57 60 57 49 35 19 0 19 51 59 61 58 48 34 17 3 21 38
30 19 35 49 57 60 57 49 35 19 0 37 50 58 60 56 47 33 16 3 21
33 20 3 19 37 51 60 63 60 51 37 0 19 35 49 57 60 57 49 35 19
33 36 18 3 21 38 51 60 63 59 50 19 0 19 35 49 57 60 57 49 35
31 48 34 17 3 21 38 51 59 61 58 35 19 0 19 35 49 57 60 57 49
30 56 47 33 16 3 21 37 50 58 60 49 35 19 0 19 35 49 57 60 57
28 58 55 46 32 16 3 20 36 48 56 57 49 35 19 0 19 35 49 57 60
27 55 57 54 46 33 17 3 18 34 47 60 57 49 35 19 0 19 35 49 57
28 46 54 57 55 47 35 19 3 17 33 57 60 57 49 35 19 0 19 35 49
29 32 46 55 59 57 49 37 21 3 16 49 57 60 57 49 35 19 0 19 35
31 16 33 47 57 61 58 51 38 21 3 35 49 57 60 57 49 35 19 0 19
32 3 17 35 49 58 62 60 51 38 21 19 35 49 57 60 57 49 35 19 0
